Rs = 1;
Ls = 0.003883;
Rr = 1.06;
Lr = 0.009061;
Lm = 0.1485;
Fe = 60;
Poles = 4;